1.00
0.44
0.88
0.77
0.68
0.68
0.74
0.73
0.83
0.79
0.62
0.73
0.65
0.85
0.58
0.79
0.68
0.79
0.69
0.75
0.71
0.87
0.73
0.74
0.80
0.81
0.78
1.00
1.00
1.00
0.69
0.76
0.79
0.64
0.71
0.58
0.78
0.62
0.88
0.69
0.63
0.85
0.88
0.76
0.77
0.80
0.83
0.56
0.76
0.60
0.65
0.59
0.85
0.73
0.88
0.57
0.49
0.62
0.77
0.59
1.00
1.00
0.92
0.80
0.76
0.74
0.70
0.79
0.95
0.74
0.65
0.91
0.70
0.70
0.62
0.74
0.80
0.78
0.67
0.75
0.85
0.91
0.67
0.64
0.65
0.87
0.52
0.71
0.69
0.70
0.81
0.76
0.81
1.00
0.77
0.91
0.80
0.64
0.71
0.53
0.54
0.98
0.68
0.63
0.92
0.66
0.76
0.64
0.76
0.59
0.79
0.62
0.74
0.72
0.79
0.74
0.68
0.65
0.79
0.95
0.75
0.68
0.74
0.55
1.00
0.53
1.00
0.52
0.57
0.74
0.72
0.75
0.12
0.58
0.77
0.62
0.55
0.42
0.55
0.43
0.53
0.43
0.54
0.57
0.54
0.73
0.46
0.46
0.67
0.49
0.65
0.48
0.53
0.41
0.47
0.52
0.44
0.55
1.00
0.67
0.55
0.66
0.61
0.56
0.55
1.00
1.00
0.96
0.74
0.71
0.76
0.60
0.47
0.66
0.68
0.66
0.66
0.84
0.71
0.73
0.75
0.63
0.89
0.72
0.64
0.64
0.70
0.75
0.66
0.67
0.66
0.88
0.67
0.39
0.67
0.71
0.56
0.56
0.58
0.59
0.72
0.54
0.67
0.36
0.80
0.72
0.65
0.59
0.83
0.62
1.00
0.62
0.78
0.58
0.62
0.79
0.77
0.64
0.64
0.67
0.68
0.86
0.85
0.89
0.70
0.65
0.68
0.77
0.83
0.85
0.64
0.58
0.57
0.76
0.57
0.72
0.71
0.52
0.62
0.68
0.82
0.65
0.72
0.70
0.72
0.72
0.58
0.75
0.76
0.65
0.55
0.61
0.66
0.56
0.68
0.69
0.78
0.72
0.65
0.64
0.58
0.68
0.70
0.69
0.65
0.85
0.61
0.76
0.70
0.63
0.48
0.64
0.70
0.91
0.74
1.00
0.33
1.00
0.68
0.71
0.69
0.82
0.59
0.50
0.84
0.76
0.67
0.76
0.57
0.73
0.66
0.81
0.75
0.85
0.78
1.00
0.63
0.90
0.83
0.79
1.00
0.60
0.76
0.87
0.94
0.68
1.00
0.77
0.80
0.80
0.72
0.72
0.76
0.98
0.62
0.94
0.73
0.64
0.63
0.79
0.45
0.87
1.00
0.64
0.75
1.00
0.77
0.58
0.83
0.74
0.72
1.00
1.00
0.44
1.00
0.65
0.65
0.61
0.50
0.64
0.51
0.45
0.52
0.68
0.39
0.60
0.61
0.58
0.53
0.60
0.77
0.63
1.00
0.46
0.78
0.79
0.62
0.79
0.56
0.62
0.90
0.77
0.89
0.89
0.86
0.88
0.69
0.82
0.87
0.91
0.83
0.78
0.48
0.62
0.72
0.65
0.69
0.70
0.82
0.76
0.96
0.63
0.62
0.68
0.24
0.50
0.55
1.00
1.00
0.70
0.55
0.45
0.65
0.53
0.71
0.72
0.60
0.76
0.73
0.72
0.76
0.47
0.40
0.66
0.50
0.71
0.68
0.76
0.64
0.95
0.69
1.00
0.81
1.00
0.75
0.60
0.65
0.60
0.68
0.72
0.68
0.69
0.61
0.70
0.58
0.87
0.68
0.55
0.67
0.64
0.68
0.59
0.58
0.68
0.58
0.72
0.78
0.88
0.73
0.78
0.84
0.83
0.72
0.70
0.72
0.67
1.00
1.00
1.00
0.64
0.64
0.76
0.54
0.89
0.67
0.65
0.69
0.70
0.73
0.69
0.63
0.80
1.00
0.77
0.47
0.88
0.36
0.71
0.67
0.64
1.00
1.00
1.00
0.75
0.66
0.69
0.56
0.43
0.32
0.56
0.65
0.67
0.67
0.71
1.00
1.00
0.83
0.80
0.89
0.92
0.76
0.81
0.71
0.71
0.65
0.76
0.79
0.72
0.94
0.59
0.62
1.00
1.00
0.90
0.74
0.70
0.52
0.62
0.51
0.50
0.71
0.42
0.68
0.57
0.83
0.47
0.70
0.77
0.71
0.85
0.65
0.47
0.73
0.62
1.00
1.00
1.00
0.73
0.72
0.46
0.41
0.25
0.59
0.58
0.62
0.72
0.87
0.67
1.00
0.62
0.82
0.46
0.48
0.53
0.79
0.44
0.60
0.64
0.74
0.73
1.00
0.62
0.94
0.84
0.52
0.61
0.81
0.33
0.56
0.47
0.62
0.48
0.48
0.44
0.64
0.65
0.71
0.65
0.77
0.84
0.69
0.65
1.00
0.62
0.92
0.66
0.62
0.65
0.54
0.51
0.83
0.77
0.67
0.74
0.74
0.63
0.65
1.00
0.84
1.00
0.75
0.71
0.63
0.72
0.75
0.71
0.65
0.66
0.75
0.81
0.60
0.61
0.56
0.58
0.75
0.71
0.60
0.78
0.66
1.00
1.00
0.94
0.76
0.83
0.59
0.47
0.63
0.53
0.56
0.66
0.69
0.66
0.72
1.00
0.80
1.00
0.57
0.69
0.70
0.55
0.71
0.55
0.79
0.87
0.67
0.59
1.00
0.72
0.62
0.81
0.65
0.50
1.00
1.00
0.81
0.76
0.69
0.62
0.88
0.62
0.75
0.83
0.71
0.62
0.81
0.53
0.91
0.78
0.78
0.74
0.67
0.81
0.50
1.00
1.00
0.81
0.72
0.80
0.74
0.59
0.66
0.60
0.74
0.60
0.70
1.00
0.86
1.00
0.71
0.69
1.00
0.67
0.57
0.76
0.52
0.52
0.72
0.54
0.72
0.74
0.75
0.53
0.62
1.00
1.00
0.80
0.65
0.64
0.85
0.67
0.69
0.73
0.70
0.68
0.82
0.69
0.81
0.49
0.72
0.75
1.00
1.00
1.00
0.72
0.65
0.56
0.65
0.72
0.69
0.73
0.65
0.70
0.95
0.72
0.56
0.69
0.73
0.77
1.00
0.80
0.93
0.76
0.66
0.67
0.75
0.81
0.73
0.76
0.60
0.69
0.63
0.63
0.67
0.62
0.73
0.72
0.66
0.88
0.70
0.75
0.57
0.71
0.62
0.84
0.76
0.68
0.71
0.90
0.75
0.78
0.81
0.92
0.84
0.73
0.60
0.81
0.67
0.78
0.75
0.63
0.65
1.00
0.80
0.93
0.65
0.89
0.68
0.61
0.68
0.61
0.62
0.81
0.60
0.74
0.70
0.74
0.66
1.00
0.87
0.82
0.74
0.63
0.60
0.76
0.64
0.72
0.63
0.58
0.71
0.80
0.60
0.66
0.59
1.00
0.81
1.00
0.73
0.72
0.71
0.63
0.69
0.66
0.40
0.64
0.59
0.60
0.59
0.55
0.63
0.68
0.59
0.62
0.69
0.56
0.64
0.67
0.53
1.00
0.69
0.59
0.81
0.67
0.43
0.84
0.72
0.54
0.71
0.74
0.58
0.73
0.66
0.60
0.69
0.60
0.48
0.61
0.76
0.66
0.41
0.62
0.54
0.70
0.55
0.53
0.70
0.59
0.69
0.57
0.61
0.58
0.40
0.48
0.64
0.49
0.48
0.47
0.70
0.63
0.62
0.61
0.89
0.53
0.75
0.55
0.69
0.65
0.48
0.57
0.50
0.53
0.86
0.69
0.90
0.71
1.00
0.50
0.64
0.50
0.81
0.67
0.43
0.56
0.71
0.85
0.76
0.75
0.72
0.77
0.76
0.74
0.61
0.53
0.70
0.50
0.50
0.59
0.40
0.31
0.68
0.71
0.75
1.00
1.00
0.44
0.52
0.43
0.00
0.67
0.47
0.25
0.45
0.80
1.00
1.00
0.31
0.40
0.40
0.60
0.47
0.56
0.45
0.50
0.39
0.60
0.50
0.49
0.52
0.31
0.73
0.71
0.55
0.58
0.62
0.31
0.64
0.54
0.68
0.45
0.69
0.56
0.68
1.00
0.53
0.83
0.82
0.59
1.00
1.00
0.18
0.41
0.54
0.38
0.53
0.89
0.41
0.49
0.47
0.32
0.60
0.42
0.56
0.50
0.85
0.55
0.68
0.49
0.33
0.63
0.58
0.41
0.67
0.73
0.49
0.45
0.91
0.78
0.61
0.62
0.40
0.55
0.80
0.57
0.51
0.60
0.67
0.67
0.86
0.58
0.48
0.83
1.00
0.42
0.40
0.84
0.59
0.38
0.57
0.00
0.62
0.36
0.67
0.49
0.56
0.56
0.59
0.71
0.38
0.63
0.52
0.67
1.00
0.64
0.64
0.56
0.88
0.62
0.59
0.67
1.00
0.46
0.81
0.54
0.54
0.83
0.35
0.30
0.77
0.17
0.40
0.38
0.51
0.86
0.96
0.60
0.43
0.67
0.40
0.55
0.96
0.66
0.57
0.60
0.71
0.60
0.65
0.63
0.37
0.76
0.75
0.54
0.62
0.68
0.31
0.50
0.64
0.69
0.51
0.50
0.50
0.36
0.55
0.60
0.52
0.00
0.32
0.43
0.39
0.62
0.83
0.53
0.86
0.67
0.38
0.40
0.13
0.50
0.62
0.36
0.47
0.71
0.57
0.67
0.38
0.43
0.46
0.59
0.49
0.52
0.14
0.54
0.42
0.35
0.51
0.34
0.40
0.45
0.50
0.41
0.55
0.29
0.46
0.67
0.48
0.45
0.16
0.47
0.42
0.47
0.54
0.52
0.56
0.51
0.73
0.75
0.57
0.42
0.71
0.48
0.40
0.46
0.53
0.49
0.80
0.56
0.64
0.57
0.76
0.73
0.75
0.27
0.31
0.67
0.64
0.36
0.58
0.52
0.54
0.69
0.63
0.63
0.47
0.74
0.86
0.80
0.40
0.36
0.48
0.82
0.63
0.57
0.60
0.67
0.50
0.61
0.45
0.40
0.64
0.54
0.70
0.66
0.46
0.58
0.58
0.52
0.57
0.53
0.58
0.62
0.56
1.00
0.54
0.49
0.63
0.44
0.00
0.57
0.49
0.86
0.59
0.49
0.78
0.70
0.64
0.75
0.42
0.51
0.61
0.57
0.39
0.40
0.62
0.48
0.81
0.29
0.30
0.26
0.42
0.43
0.61
0.56
0.45
0.35
0.47
0.43
0.72
0.63
0.39
0.54
0.20
0.28
0.47
0.12
0.41
0.00
0.88
0.84
0.38
0.51
0.67
0.46
0.58
0.50
0.54
0.70
0.54
0.67
0.59
0.48
0.57
0.52
0.51
0.18
0.60
0.55
0.61
0.40
0.45
0.57
0.41
0.76
0.27
0.64
0.61
0.35
0.52
0.37
0.26
0.43
0.46
0.49
0.38
0.42
0.70
0.56
0.49
0.34
0.59
0.51
0.47
0.55
0.59
0.56
0.62
0.57
0.60
0.55
0.43
0.51
0.43
0.50
0.60
0.60
0.21
0.67
0.62
0.69
0.60
0.74
0.70
0.65
0.74
0.84
1.00
0.68
0.67
0.75
0.65
1.00
0.61
0.70
0.73
0.42
0.76
0.75
0.69
0.83
0.70
0.63
0.73
1.00
0.69
0.47
0.71
0.70
0.44
0.49
0.57
0.65
0.65
0.54
0.31
0.84
0.60
1.00
0.50
0.67
0.69
0.52
0.53
0.57
0.60
0.66
0.53
0.60
0.64
0.52
0.68
0.51
0.59
0.63
0.60
0.61
0.52
0.48
1.00
0.70
0.47
0.65
0.47
0.42
0.57
0.50
0.77
0.57
0.40
0.65
0.70
0.80
0.70
0.64
1.00
0.69
0.57
0.45
0.44
0.71
0.71
0.59
0.60
0.50
1.00
